101 80
00000000010000000010010000000000000000000000000001000000010000000000000100000000000000000000010010100
00000010101000100001000000000000001010000000000000001001000000000000000000100000000000011101100000000
00000001000000000010000011000000100000010100000010001000000010000011000000000000000010000000000101001
00000000100010000001000000000000100000000000010000010000000000100000001000000100000000001000000010000
00000000000000000000000000000000100000000000000000000100000000000010000000000010001000001000000100000
10001101100000000100000000000100000001001000000000000000011000000010000000100000000000001000000000000
00000010000000011001000000000000000110000000000100000000100000001000000000000100010011000000001000100
01000000010000000000000000010001100000000010000000000001010010100000000000100001000000000000000000000
00000000000000000000000010100011101000000100100000000000000000010010100000000001000000001100000000000
00100000010000000001000101001000000000000000000100000000000001100000001000000000100000010010001001000
00000000000000000100001110101100000000000000000000000001000010001000000000010000000000000101000000000
10000000000000000000000000001000001000000000000001110000001101000000000000000000010000000000100000000
00000000000000000010001000000101000000000000000100100100000100011000100100100000001000000000000000101
00010000000001010000000010000000000000110100000000000000010000100000000000000100100000000000000000000
01000010000000000010100000000000000000000100000000000000000000010000010001010000000100100000100000000
00000000000000000000000010011000100000000000011000000010100000000010000000100100000000000000000000100
00101000000100000000100001100010000001001000100000000000000010000011000000000000000000000001000000000
00000100000001000110000001001010000010100000000000000000000000011010000000100100000000000000100000000
00001000000100000110001000100000000010000000000000000000000000100100001000000100000100000000000010100
00000110000100000000000000100000000000000000000000001000010001100101010000001000000100000000000000010
01000100000100000100000000001000000000011000100001000001000001000000000010000000000010000100001000100
00000000100000000000001100000100001000101000000000000000000001100000100000110000000000000010110010010
00000000000000000000000000000000000000000000000000001101100000000010000000111000000000001010000000101
01000000000010000000001001001010000010000000000000010000000000010000000000000100010000010000000010000
00001010100000000011000010000001000100010000000000001000010100000010100000010100000000000000000000000
10000001000000000100010000000000000001000010000000100000010010000000000000010000000000000000000000000
01000000000100000010000010001000100100000001001000000000100001000100000000010000000000000100000000000
00000000101110000000000000000001000001000100001100000000000000000000001000000011000000000110000000000
00000000010100001001010000000000000000000000010000001100000001000000100001001000000000100000000101000
00100000000000000100000000001000000010000100000001010000001000000000001000000100001000000000000000101
11000000000000001100010000000000000000000000100000000010000100000000000000000000000000100010010000000
00000000010000010000100000000000000000000000001000000000000000000100100000010000000000000100010000100
00000000000000000000001011001000000010010000010001000100000100000100000000000010000010000010000000010
00000000000000000000000000010001000100000001000100000000000010000000000000000000000000000000000000000
00100000100000100000000010000000100000001010000000000010000010000000000000000000000000100000000000010
00000001000000011000000000010000101000000000000000000001000000000000000000010100001100000001000100000
00010000010000011000000000000000000000000000001101000001000001000000000001000100100000000010000000110
00001000000000100001000000000001000000000000000000101000100000000001010000001000011000000000000100000
00010001010000000000000000000100000100000000000100000100011000000000000000000001000000000001000000100
00010000000000000001001000000010000000101000000001000000000010001000000010000000000010101000000000000
00000001100010000000000000000000000000100000001000100000000001000000000110000000011000000010001010000
00100011000100000001000000000000000000010000100000101010000010000000000010000100000000000100000000000
00100100000000000010101000000001000010000000010100000010100000000000000000000010000001000000000001000
10010000000000001000000000100010101000010010100000000000100000000110000001000001000001010010001000000
00010010000101000011100000101000100000010000001000001010001000000000110001100000110001001000100000000
00000000000100000000100000000000100000010001100000100000000000111000000000011000100000010000000100000
00000000000000000010000000000001000010000000100000000000000000100000000001000100100000000000000100000
00000001001001000000000000001000001000000000000000000100100000000100000100000000000000000000100010110
10000000001000010100001001000000000000000110000110000000000100000110000010000100000000010000001000000
00000000000001000000100000000100100010000000000101000000000000000100000010110000000001000010000001100
00000000000000000000000101000000000000000011000000000100010000000000000000000100001000000011000000000
01000000000000101000000001000000010000000001100001000000000010000100010000001010000000000100100000000
00010010000000001000000100000000000000000010010000000000010000000000000010000010010010010001000000000
00001000110000000110000000001000001000100000000000000001010100000100001000000110000010100000010000000
00100000000000000000000000010000000100000000001001100100000000000000000000000001010000000100000000001
00000010000000000110000000101000010000000001000000000100000000100101000100100000010011000011011100000
01000000000000000100000000000000000000100000000000010000000000000000010000000000000000000000000001000
00100000000000000110000000001000101000100001000000000100000010100000001000010100000000100100100000000
10010010000101010000000000000000000000000000000000101000001000000101101100010000000111001101001000000
00000100000010000000000000000001000000000000001010001001000010000100100010100000000010100000000001000
00100000000010001000001100000011000000000000001000000000010010000010000001000000000110100000000110011
00010000000000000000000000000000000010000000110010010000000000000000000000000100000000000000000001000
00000000000000000011000000000110000000010001000100000000000100000100000000110000100000100100001000000
00000000000001011001000000000000001000000001000000001011000100010001000000001100100000000000000000011
00000000001000000011000000000000000000100100000000000100000000010000001100000010000010100000100000000
00000000000000000000000001000101000100000000000000000100000000010000010010001100010000000000000001000
00100001000010100110000010000000000000000001000000000110010000000100101000000101000000000000001000000
00010000000000000111110000000000100100101000001000100100100000000000000000000001000000000000000000000
00000100000010000010000001100000000001000010000110100001000000000000010000000000000000000000000000100
01000100010000000000010001000000010000000010000000000001000000010000000100000000000000000100100000000
00000000000000000000010000000000000010000000100000010000101100000000000000010000000000001100000000011
00000000000000000000000000000000001000000000000000000000000000000000000000101100000000000000000000100
00000000000010010000000000000000010000000000000000000000000000000000001000000000010010000100000000000
01011000100000000000010000000000000000000001000010001000000000010000010000000010000000000000000000000
00000001010000100000000000000000000000000000000001000010100000000000010001100001000000000000000100000
00000010000000010000010010000000000001000000000000000000000000000001000100000000000110000001000000000
00001000000001000000001000000000100000000000100000000000100000010000001001000101010000000100000000000
00000000000010000010010000000000000000000000100000000001000001000100000000010000000000001100000010001
00000000000000000100001000100100000000000110001001000000010000000000000101000000000000001000000000010
00000011100000101000000110000000000001100000000000000000010000000001000000000000001000010000100000001
